
Problema 3 tempo 305 nota C penalidade 0
2 - Mostra o tempo 305 e o tempo total 0
Problema 6 tempo 797 nota I penalidade 0
2 - Mostra o tempo 797 e o tempo total 0
Tempo total iniciado: 0
Participante 49 problema 3 nota C tempo 305
Participante 49 problema 6 nota I tempo 797
Competidor 49: Tempo Total1 = 0
Competidor 49: Tempo Total1 = 0
Competidor 49: Tempo Total1 = 0
Competidor 49: Tempo Total2 = 305
Competidor 49: Tempo Total1 = 305
Competidor 49: Tempo Total1 = 305
Competidor 49: Tempo Total1 = 305
Competidor 49: Tempo Total1 = 305
Competidor 49: Tempo Total1 = 305
Competidor 49: Tempo Total1 = 305
89 competidores com indices: 96 94 93 87 79 85 6 82 72 77 74 3 68 65 63 55 51 49 39 36 42 38 40 18 30 37 17 21 19 22 20 1 7 2 9 35 34 32 5 4 29 31 10 8 28 12 41 13 11 15 16 50 14 48 25 23 24 54 45 52 27 46 43 62 53 67 47 56 60 57 58 71 78 59 69 75 84 70 73 83 88 92 91 89 95 97 98 99 100 
+------------------------------------------------------------+
| Competidor | Problemas Resolvidos | Tempo total |  Ranking |
+------------+----------------------+-------------+----------+
|     1      |          0           |      0      |   -1     |
|     2      |          0           |      0      |   -1     |
|     3      |          0           |      0      |   -1     |
|     4      |          0           |      0      |   -1     |
|     5      |          1           |    104      |   -1     |
|     6      |          0           |      0      |   -1     |
|     7      |          3           |   1951      |   -1     |
|     8      |          0           |      0      |   -1     |
|     9      |          0           |      0      |   -1     |
|    10      |          0           |      0      |   -1     |
|    11      |          0           |      0      |   -1     |
|    12      |          0           |      0      |   -1     |
|    13      |          0           |      0      |   -1     |
|    14      |          0           |      0      |   -1     |
|    15      |          0           |      0      |   -1     |
|    16      |          0           |      0      |   -1     |
|    17      |          0           |      0      |   -1     |
|    18      |          0           |      0      |   -1     |
|    19      |          1           |    632      |   -1     |
|    20      |          1           |    972      |   -1     |
|    21      |          0           |      0      |   -1     |
|    22      |          1           |    658      |   -1     |
|    23      |          0           |      0      |   -1     |
|    24      |          0           |      0      |   -1     |
|    25      |          0           |      0      |   -1     |
|    27      |          0           |      0      |   -1     |
|    28      |          0           |      0      |   -1     |
|    29      |          0           |      0      |   -1     |
|    30      |          1           |    240      |   -1     |
|    31      |          0           |      0      |   -1     |
|    32      |          0           |      0      |   -1     |
|    34      |          0           |      0      |   -1     |
|    35      |          0           |      0      |   -1     |
|    36      |          1           |    267      |   -1     |
|    37      |          1           |    684      |   -1     |
|    38      |          1           |    328      |   -1     |
|    39      |          1           |    919      |   -1     |
|    40      |          1           |    862      |   -1     |
|    41      |          0           |      0      |   -1     |
|    42      |          1           |    444      |   -1     |
|    43      |          0           |      0      |   -1     |
|    45      |          0           |      0      |   -1     |
|    46      |          0           |      0      |   -1     |
|    47      |          0           |      0      |   -1     |
|    48      |          0           |      0      |   -1     |
|    49      |          1           |    305      |   -1     |
|    50      |          0           |      0      |   -1     |
|    51      |          1           |    772      |   -1     |
|    52      |          0           |      0      |   -1     |
|    53      |          0           |      0      |   -1     |
|    54      |          0           |      0      |   -1     |
|    55      |          1           |    898      |   -1     |
|    56      |          0           |      0      |   -1     |
|    57      |          0           |      0      |   -1     |
|    58      |          0           |      0      |   -1     |
|    59      |          0           |      0      |   -1     |
|    60      |          0           |      0      |   -1     |
|    62      |          0           |      0      |   -1     |
|    63      |          1           |    749      |   -1     |
|    65      |          1           |    252      |   -1     |
|    67      |          0           |      0      |   -1     |
|    68      |          1           |      7      |   -1     |
|    69      |          0           |      0      |   -1     |
|    70      |          0           |      0      |   -1     |
|    71      |          0           |      0      |   -1     |
|    72      |          1           |    226      |   -1     |
|    73      |          0           |      0      |   -1     |
|    74      |          1           |    205      |   -1     |
|    75      |          0           |      0      |   -1     |
|    77      |          1           |    407      |   -1     |
|    78      |          0           |      0      |   -1     |
|    79      |          1           |    907      |   -1     |
|    82      |          2           |   1382      |   -1     |
|    83      |          0           |      0      |   -1     |
|    84      |          0           |      0      |   -1     |
|    85      |          1           |    371      |   -1     |
|    87      |          1           |    515      |   -1     |
|    88      |          0           |      0      |   -1     |
|    89      |          0           |      0      |   -1     |
|    91      |          0           |      0      |   -1     |
|    92      |          0           |      0      |   -1     |
|    93      |          2           |    541      |   -1     |
|    94      |          1           |    610      |   -1     |
|    95      |          0           |      0      |   -1     |
|    96      |          1           |     79      |   -1     |
|    97      |          0           |      0      |   -1     |
|    98      |          0           |      0      |   -1     |
|    99      |          0           |      0      |   -1     |
|   100      |          0           |      0      |   -1     |
+------------------------------------------------------------+
